[[156, 145, 150, 153, 126, 84], [361, 366, 345, 359, 363, 220], [278, 303, 284, 304, 339, 154], [142, 143, 155, 118, 133, 74], [354, 333, 364, 314, 337, 183], [284, 289, 303, 285, 319, 144], [230, 241, 202, 213, 222, 128]]
[[0, 0, 0, 0, 723, 91], [0, 0, 0, 0, 1804, 210], [1500, 9, 0, 0, 1, 152], [685, 0, 0, 0, 0, 80], [0, 1700, 0, 0, 0, 185], [0, 175, 0, 0, 1276, 173], [1100, 0, 0, 0, 0, 136]]
[[733, 13, 0, 0, 0, 68], [910, 872, 0, 0, 0, 232], [0, 1118, 0, 0, 388, 156], [0, 0, 0, 561, 143, 61], [283, 0, 0, 0, 1409, 193], [0, 16, 0, 0, 1461, 147], [0, 35, 0, 0, 1089, 112]]
[[0, 440, 0, 0, 289, 85], [753, 1069, 0, 0, 0, 192], [0, 0, 4, 409, 1090, 159], [0, 0, 0, 0, 692, 73], [0, 1689, 0, 0, 0, 196], [0, 2, 0, 0, 1455, 167], [0, 1095, 2, 5, 0, 134]]
[[168, 0, 0, 411, 164, 71], [0, 0, 0, 0, 1798, 216], [1157, 0, 323, 0, 0, 182], [0, 573, 0, 0, 113, 79], [0, 1688, 0, 0, 0, 197], [0, 2, 0, 0, 1466, 156], [0, 1099, 0, 0, 0, 137]]
[[0, 0, 71, 0, 671, 72], [0, 0, 0, 0, 1810, 204], [1487, 0, 0, 0, 0, 175], [0, 707, 0, 0, 2, 56], [0, 1113, 0, 589, 0, 183], [0, 0, 0, 0, 1467, 157], [0, 0, 635, 494, 0, 107]]
[[0, 0, 0, 0, 751, 63], [0, 0, 0, 0, 1809, 205], [651, 0, 291, 0, 558, 162], [0, 0, 0, 0, 697, 68], [0, 1651, 48, 0, 0, 186], [0, 0, 0, 0, 1442, 182], [1105, 0, 0, 0, 0, 131]]
[[0, 0, 0, 0, 731, 83], [0, 0, 0, 0, 1811, 203], [1481, 0, 0, 0, 29, 152], [0, 679, 0, 0, 0, 86], [0, 13, 37, 0, 1646, 189], [0, 0, 0, 0, 1468, 156], [0, 1111, 0, 0, 0, 125]]
[[0, 0, 0, 0, 737, 77], [0, 0, 0, 0, 1825, 189], [1484, 0, 0, 0, 0, 178], [0, 683, 0, 0, 0, 82], [0, 1691, 0, 0, 8, 186], [0, 0, 0, 0, 1457, 167], [0, 8, 0, 1111, 0, 117]]
[[0, 0, 0, 0, 731, 83], [0, 0, 0, 0, 1825, 189], [1501, 0, 0, 0, 0, 161], [0, 0, 0, 0, 685, 80], [0, 1715, 0, 0, 0, 170], [0, 0, 0, 0, 1479, 145], [0, 1118, 0, 0, 5, 113]]
[[0, 0, 0, 0, 746, 68], [0, 0, 0, 0, 1827, 187], [963, 0, 0, 0, 522, 177], [448, 0, 1, 24, 238, 54], [0, 1706, 0, 0, 0, 179], [0, 0, 0, 0, 1456, 168], [0, 1115, 0, 0, 0, 121]]
