[[280, 317, 272, 322, 309, 162], [351, 364, 365, 372, 378, 187], [155, 142, 149, 159, 130, 86], [287, 289, 275, 298, 299, 166], [250, 215, 226, 225, 207, 111], [125, 166, 137, 134, 128, 74], [331, 343, 357, 330, 347, 180]]
[[1478, 19, 0, 0, 0, 165], [329, 56, 0, 0, 1434, 198], [46, 665, 0, 0, 29, 81], [1462, 0, 0, 0, 0, 152], [0, 10, 0, 0, 1110, 114], [187, 0, 0, 498, 0, 79], [0, 1687, 0, 0, 0, 201]]
[[4, 1503, 0, 0, 0, 155], [0, 0, 0, 0, 1819, 198], [0, 0, 0, 0, 739, 82], [0, 1453, 0, 0, 0, 161], [0, 1089, 0, 0, 0, 145], [646, 19, 0, 0, 33, 66], [481, 0, 0, 0, 1202, 205]]
[[1493, 0, 0, 0, 0, 169], [0, 0, 0, 0, 1834, 183], [407, 0, 0, 320, 0, 94], [0, 0, 0, 4, 1425, 185], [0, 1114, 0, 0, 0, 120], [0, 374, 29, 0, 292, 69], [0, 0, 0, 0, 1707, 181]]
[[0, 1416, 3, 0, 78, 165], [0, 0, 0, 0, 1800, 217], [738, 0, 0, 0, 0, 83], [0, 0, 0, 0, 1461, 153], [1079, 0, 0, 16, 0, 139], [0, 0, 0, 687, 0, 77], [0, 0, 0, 0, 1701, 187]]
[[0, 0, 386, 9, 1099, 168], [0, 0, 0, 0, 1793, 224], [0, 0, 0, 744, 0, 77], [0, 0, 0, 0, 1435, 179], [0, 0, 0, 699, 396, 139], [14, 0, 654, 0, 23, 73], [0, 0, 0, 0, 1698, 190]]
[[0, 0, 0, 0, 1496, 166], [0, 0, 0, 0, 1826, 191], [639, 0, 96, 0, 0, 86], [0, 0, 0, 0, 1462, 152], [0, 0, 0, 0, 1102, 132], [556, 0, 0, 0, 129, 79], [0, 0, 0, 0, 1688, 200]]
[[0, 0, 0, 0, 1510, 152], [0, 0, 0, 0, 1850, 167], [66, 0, 541, 126, 0, 88], [0, 0, 0, 0, 1462, 152], [0, 0, 0, 0, 1130, 104], [0, 0, 0, 0, 691, 73], [0, 0, 0, 0, 1704, 184]]
[[0, 0, 0, 0, 1498, 164], [0, 0, 0, 0, 1825, 192], [0, 0, 370, 369, 0, 82], [0, 0, 0, 0, 1455, 159], [0, 0, 0, 0, 1111, 123], [0, 0, 0, 0, 689, 75], [0, 0, 0, 0, 1714, 174]]
[[0, 0, 0, 0, 1509, 153], [0, 0, 0, 0, 1826, 191], [0, 0, 0, 722, 0, 99], [0, 0, 0, 0, 1443, 171], [0, 0, 0, 0, 1117, 117], [0, 0, 0, 0, 693, 71], [0, 0, 0, 0, 1712, 176]]
[[0, 0, 0, 0, 1500, 162], [0, 0, 0, 0, 1819, 198], [727, 0, 0, 0, 0, 94], [0, 0, 0, 0, 1458, 156], [0, 0, 0, 0, 1114, 120], [0, 0, 0, 0, 706, 58], [0, 0, 0, 0, 1689, 199]]
[[0, 0, 0, 0, 1485, 177], [0, 0, 0, 0, 1812, 205], [23, 710, 9, 0, 0, 79], [0, 0, 0, 0, 1442, 172], [0, 0, 0, 0, 1095, 139], [0, 0, 0, 0, 680, 84], [0, 0, 0, 0, 1695, 193]]
[[0, 0, 0, 0, 1491, 171], [0, 0, 0, 0, 1807, 210], [0, 738, 0, 0, 0, 83], [0, 0, 0, 0, 1450, 164], [0, 0, 0, 0, 1123, 111], [0, 0, 0, 0, 687, 77], [0, 0, 0, 0, 1706, 182]]
[[0, 0, 0, 0, 1522, 140], [0, 0, 0, 0, 1809, 208], [0, 732, 0, 0, 0, 89], [0, 0, 0, 0, 1431, 183], [0, 0, 0, 0, 1127, 107], [0, 0, 0, 0, 691, 73], [0, 0, 0, 0, 1718, 170]]
[[0, 0, 0, 0, 1478, 184], [0, 0, 0, 0, 1794, 223], [38, 691, 1, 0, 0, 91], [0, 0, 0, 0, 1443, 171], [0, 0, 0, 0, 1113, 121], [0, 0, 0, 0, 682, 82], [0, 0, 0, 0, 1687, 201]]
[[0, 0, 0, 0, 1476, 186], [0, 0, 0, 0, 1805, 212], [0, 732, 1, 0, 0, 88], [0, 0, 0, 0, 1456, 158], [0, 0, 0, 0, 1108, 126], [0, 0, 0, 0, 681, 83], [0, 0, 0, 0, 1700, 188]]
[[0, 0, 0, 0, 1487, 175], [0, 0, 0, 0, 1814, 203], [401, 1, 330, 0, 0, 89], [0, 0, 0, 0, 1460, 154], [0, 0, 0, 0, 1092, 142], [0, 0, 0, 0, 692, 72], [0, 0, 0, 0, 1708, 180]]
[[0, 0, 0, 0, 1486, 176], [0, 0, 0, 0, 1823, 194], [0, 746, 0, 0, 0, 75], [0, 0, 0, 0, 1455, 159], [0, 0, 0, 0, 1110, 124], [0, 0, 0, 0, 684, 80], [0, 0, 0, 0, 1710, 178]]
[[0, 0, 0, 0, 1504, 158], [0, 0, 0, 0, 1804, 213], [0, 741, 0, 0, 0, 80], [0, 0, 0, 0, 1445, 169], [0, 0, 0, 0, 1121, 113], [0, 0, 0, 0, 693, 71], [0, 0, 0, 0, 1708, 180]]
[[0, 0, 0, 0, 1504, 158], [0, 0, 0, 0, 1815, 202], [0, 740, 0, 0, 0, 81], [0, 0, 0, 0, 1461, 153], [0, 0, 0, 0, 1115, 119], [0, 0, 0, 0, 677, 87], [0, 0, 0, 0, 1691, 197]]
[[0, 0, 0, 0, 1477, 185], [0, 0, 0, 0, 1821, 196], [0, 720, 0, 19, 0, 82], [0, 0, 0, 0, 1451, 163], [0, 0, 0, 0, 1101, 133], [0, 0, 0, 0, 681, 83], [0, 0, 0, 0, 1697, 191]]
[[0, 0, 0, 0, 1469, 193], [0, 0, 0, 0, 1820, 197], [0, 665, 0, 69, 0, 87], [0, 0, 0, 0, 1454, 160], [0, 0, 0, 0, 1116, 118], [0, 0, 0, 0, 691, 73], [0, 0, 0, 0, 1695, 193]]
[[0, 0, 0, 0, 1518, 144], [0, 0, 0, 0, 1803, 214], [0, 292, 0, 446, 0, 83], [0, 0, 0, 0, 1453, 161], [0, 0, 0, 0, 1115, 119], [0, 0, 0, 0, 697, 67], [0, 0, 0, 0, 1691, 197]]
[[0, 0, 0, 0, 1504, 158], [0, 0, 0, 0, 1817, 200], [0, 6, 0, 747, 0, 68], [0, 0, 0, 0, 1463, 151], [0, 0, 0, 0, 1101, 133], [0, 0, 0, 0, 669, 95], [0, 0, 0, 0, 1696, 192]]
[[0, 0, 0, 0, 1493, 169], [0, 0, 0, 0, 1838, 179], [0, 748, 0, 0, 0, 73], [0, 0, 0, 0, 1466, 148], [0, 0, 0, 0, 1099, 135], [0, 0, 0, 0, 692, 72], [0, 0, 0, 0, 1685, 203]]
[[0, 0, 0, 0, 1518, 144], [0, 0, 0, 0, 1811, 206], [0, 744, 0, 0, 0, 77], [0, 0, 0, 0, 1449, 165], [0, 0, 0, 0, 1106, 128], [0, 0, 0, 0, 675, 89], [0, 0, 0, 0, 1674, 214]]
[[0, 0, 0, 0, 1517, 145], [0, 0, 0, 0, 1824, 193], [0, 746, 0, 0, 0, 75], [0, 0, 0, 0, 1433, 181], [0, 0, 0, 0, 1123, 111], [0, 0, 0, 0, 688, 76], [0, 0, 0, 0, 1718, 170]]
[[0, 0, 0, 0, 1482, 180], [0, 0, 0, 0, 1823, 194], [0, 741, 0, 0, 0, 80], [0, 0, 0, 0, 1445, 169], [0, 0, 0, 0, 1132, 102], [0, 0, 0, 0, 686, 78], [0, 0, 0, 0, 1712, 176]]
[[0, 0, 0, 0, 1505, 157], [0, 0, 0, 0, 1834, 183], [0, 729, 0, 0, 0, 92], [0, 0, 0, 0, 1444, 170], [0, 0, 0, 0, 1110, 124], [0, 0, 0, 0, 704, 60], [0, 0, 0, 0, 1690, 198]]
[[0, 0, 0, 0, 1481, 181], [0, 0, 0, 0, 1778, 239], [0, 745, 0, 0, 0, 76], [0, 0, 0, 0, 1464, 150], [0, 0, 0, 0, 1119, 115], [0, 0, 0, 0, 694, 70], [0, 0, 0, 0, 1700, 188]]
[[0, 0, 0, 0, 1501, 161], [0, 0, 0, 0, 1812, 205], [0, 748, 0, 0, 0, 73], [0, 0, 0, 0, 1447, 167], [0, 0, 0, 0, 1098, 136], [0, 0, 0, 0, 687, 77], [0, 0, 0, 0, 1697, 191]]
[[0, 0, 0, 0, 1494, 168], [0, 0, 0, 0, 1812, 205], [29, 712, 0, 0, 0, 80], [0, 0, 0, 0, 1464, 150], [0, 0, 0, 0, 1110, 124], [0, 0, 0, 0, 695, 69], [0, 0, 0, 0, 1705, 183]]
[[0, 0, 0, 0, 1482, 180], [0, 0, 0, 0, 1815, 202], [1, 720, 0, 0, 0, 100], [0, 0, 0, 0, 1456, 158], [0, 0, 0, 0, 1111, 123], [0, 0, 0, 0, 684, 80], [0, 0, 0, 0, 1705, 183]]
[[0, 0, 0, 0, 1494, 168], [0, 0, 0, 0, 1804, 213], [190, 553, 0, 0, 0, 78], [0, 0, 0, 0, 1463, 151], [0, 0, 0, 0, 1099, 135], [0, 0, 0, 0, 696, 68], [0, 0, 0, 0, 1703, 185]]
[[0, 0, 0, 0, 1493, 169], [0, 0, 0, 0, 1806, 211], [0, 681, 0, 0, 52, 88], [0, 0, 0, 0, 1462, 152], [0, 0, 0, 0, 1113, 121], [0, 0, 0, 0, 684, 80], [0, 0, 0, 0, 1702, 186]]
[[0, 0, 0, 0, 1476, 186], [0, 0, 0, 0, 1806, 211], [0, 1, 0, 0, 744, 76], [0, 0, 0, 0, 1455, 159], [0, 0, 0, 0, 1112, 122], [0, 0, 0, 0, 694, 70], [0, 0, 0, 0, 1689, 199]]
[[0, 0, 0, 0, 1507, 155], [0, 0, 0, 0, 1787, 230], [0, 0, 0, 0, 761, 60], [0, 0, 0, 0, 1453, 161], [0, 0, 0, 0, 1099, 135], [0, 0, 0, 0, 692, 72], [0, 0, 0, 0, 1693, 195]]
[[0, 0, 0, 0, 1509, 153], [0, 0, 0, 0, 1821, 196], [0, 0, 0, 0, 735, 86], [0, 0, 0, 0, 1445, 169], [0, 0, 0, 0, 1120, 114], [0, 0, 0, 0, 704, 60], [0, 0, 0, 0, 1705, 183]]
[[0, 0, 0, 0, 1510, 152], [0, 0, 0, 0, 1825, 192], [0, 0, 0, 0, 727, 94], [0, 0, 0, 0, 1461, 153], [0, 0, 0, 0, 1108, 126], [0, 0, 0, 0, 691, 73], [0, 0, 0, 0, 1706, 182]]
[[0, 0, 0, 0, 1505, 157], [0, 0, 0, 0, 1824, 193], [0, 0, 0, 0, 740, 81], [0, 0, 0, 0, 1458, 156], [0, 0, 0, 0, 1120, 114], [0, 0, 0, 0, 677, 87], [0, 0, 0, 0, 1719, 169]]
[[0, 0, 0, 0, 1480, 182], [0, 0, 0, 0, 1819, 198], [0, 0, 0, 0, 724, 97], [0, 0, 0, 0, 1446, 168], [0, 0, 0, 0, 1108, 126], [0, 0, 0, 0, 687, 77], [0, 0, 0, 0, 1700, 188]]
[[0, 0, 0, 0, 1517, 145], [0, 0, 0, 0, 1815, 202], [0, 0, 0, 0, 753, 68], [0, 0, 0, 0, 1475, 139], [0, 0, 0, 0, 1107, 127], [0, 0, 0, 0, 698, 66], [0, 0, 0, 0, 1690, 198]]
[[0, 0, 0, 0, 1485, 177], [0, 0, 0, 0, 1795, 222], [0, 0, 0, 0, 752, 69], [0, 0, 0, 0, 1445, 169], [0, 0, 0, 0, 1102, 132], [0, 0, 0, 0, 699, 65], [0, 0, 0, 0, 1686, 202]]
[[0, 0, 0, 0, 1503, 159], [0, 0, 0, 0, 1848, 169], [0, 0, 0, 0, 743, 78], [0, 0, 0, 0, 1455, 159], [0, 0, 0, 0, 1110, 124], [0, 0, 0, 0, 702, 62], [0, 0, 0, 0, 1705, 183]]
[[0, 0, 0, 0, 1524, 138], [0, 0, 0, 0, 1812, 205], [0, 0, 0, 0, 739, 82], [0, 0, 0, 0, 1442, 172], [0, 0, 0, 0, 1106, 128], [0, 0, 0, 0, 694, 70], [0, 0, 0, 0, 1680, 208]]
[[0, 0, 0, 0, 1496, 166], [0, 0, 0, 0, 1825, 192], [0, 0, 0, 0, 756, 65], [0, 0, 0, 0, 1463, 151], [0, 0, 0, 0, 1124, 110], [0, 0, 0, 0, 692, 72], [0, 0, 0, 0, 1697, 191]]
[[0, 0, 0, 0, 1483, 179], [0, 0, 0, 0, 1806, 211], [0, 0, 0, 0, 753, 68], [0, 0, 0, 0, 1468, 146], [0, 0, 0, 0, 1106, 128], [0, 0, 0, 0, 696, 68], [0, 0, 0, 0, 1701, 187]]
[[0, 0, 0, 0, 1499, 163], [0, 0, 0, 0, 1800, 217], [0, 0, 0, 0, 741, 80], [0, 0, 0, 0, 1444, 170], [0, 0, 0, 0, 1097, 137], [0, 0, 0, 0, 676, 88], [0, 0, 0, 0, 1704, 184]]
[[0, 0, 0, 0, 1502, 160], [0, 0, 0, 0, 1823, 194], [0, 0, 0, 0, 734, 87], [0, 0, 0, 0, 1471, 143], [0, 0, 0, 0, 1095, 139], [0, 0, 0, 0, 699, 65], [0, 0, 0, 0, 1712, 176]]
[[0, 0, 0, 0, 1497, 165], [0, 0, 0, 0, 1802, 215], [0, 0, 0, 0, 733, 88], [0, 0, 0, 0, 1442, 172], [0, 0, 0, 0, 1117, 117], [0, 0, 0, 0, 690, 74], [0, 0, 0, 0, 1697, 191]]
[[0, 0, 0, 0, 1484, 178], [0, 0, 0, 0, 1807, 210], [0, 0, 0, 0, 744, 77], [0, 0, 0, 0, 1466, 148], [0, 0, 0, 0, 1102, 132], [0, 0, 0, 0, 690, 74], [0, 0, 0, 0, 1694, 194]]
