[[46, 42, 46, 41, 40, 29], [31, 27, 28, 43, 28, 23], [25, 30, 33, 28, 33, 23], [12, 6, 13, 9, 15, 2], [9, 7, 5, 10, 10, 3], [40, 53, 57, 49, 47, 19], [9, 9, 3, 7, 7, 3]]
[[2, 0, 0, 11, 214, 17], [2, 0, 0, 0, 157, 21], [0, 0, 152, 0, 0, 20], [19, 0, 30, 0, 0, 8], [4, 0, 37, 0, 0, 3], [84, 0, 34, 0, 112, 35], [0, 0, 0, 34, 0, 4]]
[[30, 0, 0, 2, 187, 25], [91, 0, 74, 0, 0, 15], [0, 0, 161, 0, 0, 11], [0, 0, 49, 1, 0, 7], [10, 0, 24, 0, 9, 1], [1, 0, 27, 208, 4, 25], [0, 0, 0, 0, 36, 2]]
[[0, 0, 27, 195, 0, 22], [158, 0, 0, 0, 0, 22], [0, 0, 152, 0, 0, 20], [30, 0, 0, 22, 0, 5], [0, 0, 0, 0, 35, 9], [67, 0, 1, 0, 177, 20], [0, 0, 7, 0, 28, 3]]
[[0, 0, 183, 0, 34, 27], [0, 0, 169, 0, 0, 11], [0, 0, 156, 0, 0, 16], [36, 0, 0, 0, 15, 6], [15, 0, 22, 0, 2, 5], [0, 0, 0, 0, 247, 18], [0, 0, 0, 0, 36, 2]]
[[0, 0, 0, 0, 217, 27], [16, 0, 137, 5, 0, 22], [0, 0, 152, 0, 0, 20], [2, 0, 11, 0, 41, 3], [38, 0, 0, 0, 4, 2], [0, 0, 5, 0, 227, 33], [0, 0, 0, 0, 35, 3]]
[[0, 0, 0, 0, 218, 26], [1, 0, 156, 0, 0, 23], [0, 0, 162, 0, 0, 10], [0, 0, 0, 0, 53, 4], [37, 0, 0, 0, 4, 3], [0, 0, 11, 0, 228, 26], [0, 0, 4, 0, 29, 5]]
[[0, 1, 0, 0, 219, 24], [142, 0, 21, 0, 0, 17], [0, 0, 155, 0, 0, 17], [7, 0, 43, 0, 0, 7], [0, 0, 4, 12, 27, 1], [72, 25, 140, 0, 0, 28], [0, 0, 9, 0, 23, 6]]
[[0, 20, 63, 0, 138, 23], [0, 0, 157, 7, 0, 16], [6, 0, 101, 0, 43, 22], [42, 0, 6, 0, 0, 9], [7, 0, 30, 0, 0, 7], [0, 0, 0, 0, 236, 29], [0, 0, 0, 0, 34, 4]]
[[0, 0, 0, 0, 223, 21], [0, 0, 160, 0, 0, 20], [0, 0, 0, 0, 162, 10], [0, 0, 54, 0, 0, 3], [0, 0, 42, 0, 0, 2], [69, 0, 0, 0, 174, 22], [0, 0, 0, 0, 33, 5]]
[[21, 138, 57, 0, 0, 28], [0, 0, 164, 0, 0, 16], [0, 0, 0, 0, 156, 16], [0, 0, 49, 0, 0, 8], [0, 0, 40, 0, 0, 4], [0, 0, 0, 0, 230, 35], [0, 0, 0, 0, 34, 4]]
[[0, 0, 20, 0, 198, 26], [0, 0, 154, 0, 0, 26], [0, 0, 0, 0, 152, 20], [9, 0, 34, 0, 3, 11], [13, 0, 27, 0, 0, 4], [150, 11, 0, 29, 35, 40], [0, 0, 2, 0, 32, 4]]
[[0, 0, 5, 1, 206, 32], [0, 0, 161, 0, 0, 19], [0, 0, 0, 0, 154, 18], [13, 0, 40, 0, 3, 1], [16, 0, 20, 0, 0, 8], [0, 221, 0, 0, 14, 30], [0, 0, 6, 0, 27, 5]]
[[0, 0, 2, 3, 216, 23], [103, 0, 9, 55, 0, 13], [0, 0, 0, 0, 148, 24], [12, 0, 18, 0, 20, 7], [9, 0, 27, 0, 5, 3], [0, 0, 0, 0, 239, 26], [0, 0, 0, 0, 35, 3]]
[[0, 0, 226, 0, 1, 17], [166, 0, 1, 0, 0, 13], [0, 0, 0, 0, 158, 14], [0, 0, 0, 0, 53, 4], [5, 0, 21, 0, 13, 5], [0, 0, 0, 0, 243, 22], [0, 0, 0, 0, 33, 5]]
[[0, 0, 0, 4, 211, 29], [5, 0, 157, 0, 0, 18], [0, 0, 0, 0, 161, 11], [0, 0, 0, 0, 52, 5], [4, 0, 31, 0, 6, 3], [0, 0, 0, 0, 238, 27], [0, 0, 0, 0, 34, 4]]
[[0, 0, 0, 0, 212, 32], [0, 0, 158, 0, 0, 22], [0, 0, 0, 0, 160, 12], [0, 0, 0, 0, 55, 2], [1, 0, 40, 0, 1, 2], [0, 0, 0, 0, 240, 25], [0, 0, 0, 0, 36, 2]]
[[1, 0, 0, 4, 218, 21], [0, 0, 154, 0, 0, 26], [0, 0, 0, 0, 154, 18], [0, 0, 0, 0, 52, 5], [23, 0, 11, 0, 5, 5], [0, 0, 0, 0, 241, 24], [0, 0, 0, 0, 32, 6]]
[[0, 0, 0, 0, 220, 24], [0, 0, 161, 0, 0, 19], [0, 0, 0, 0, 153, 19], [2, 2, 15, 0, 35, 3], [42, 0, 0, 0, 0, 2], [0, 0, 0, 0, 236, 29], [0, 0, 0, 0, 32, 6]]
[[0, 0, 0, 0, 212, 32], [0, 0, 159, 0, 0, 21], [0, 0, 0, 0, 158, 14], [12, 0, 37, 0, 5, 3], [39, 0, 0, 0, 0, 5], [0, 0, 0, 0, 237, 28], [0, 0, 0, 0, 32, 6]]
[[0, 0, 0, 0, 218, 26], [0, 0, 163, 0, 0, 17], [0, 0, 0, 0, 157, 15], [13, 0, 28, 0, 9, 7], [40, 0, 0, 0, 0, 4], [0, 0, 0, 0, 238, 27], [0, 0, 0, 0, 35, 3]]