[[24, 29, 50, 45, 37, 18], [36, 39, 41, 40, 40, 17], [29, 43, 32, 22, 27, 20], [49, 59, 51, 56, 54, 30], [2, 10, 2, 4, 8, 3], [16, 10, 8, 7, 16, 3], [2, 7, 5, 0, 4, 5]]
[[0, 0, 0, 0, 178, 25], [0, 0, 0, 200, 0, 13], [0, 81, 67, 0, 0, 25], [0, 0, 0, 275, 0, 24], [7, 5, 6, 3, 3, 5], [14, 9, 6, 12, 12, 7], [5, 4, 4, 7, 2, 1]]
[[0, 0, 0, 0, 179, 24], [0, 0, 0, 193, 0, 20], [0, 89, 69, 0, 0, 15], [124, 0, 0, 142, 0, 33], [4, 9, 6, 4, 5, 1], [7, 8, 0, 40, 0, 5], [9, 1, 4, 3, 6, 0]]
[[0, 0, 0, 29, 153, 21], [0, 0, 188, 0, 0, 25], [0, 50, 104, 0, 0, 19], [0, 0, 0, 263, 0, 36], [5, 6, 6, 4, 4, 4], [36, 12, 0, 3, 2, 7], [1, 7, 1, 5, 7, 2]]
[[0, 0, 0, 185, 0, 18], [0, 0, 0, 199, 0, 14], [0, 57, 97, 0, 0, 19], [3, 0, 0, 263, 0, 33], [3, 5, 7, 7, 4, 3], [2, 44, 0, 3, 5, 6], [6, 2, 4, 8, 1, 2]]
[[0, 0, 0, 156, 26, 21], [0, 0, 0, 193, 0, 20], [0, 42, 110, 0, 0, 21], [47, 0, 0, 226, 0, 26], [3, 8, 5, 4, 6, 3], [7, 1, 0, 24, 21, 7], [8, 3, 4, 2, 4, 2]]
[[0, 0, 0, 12, 165, 26], [0, 0, 0, 191, 0, 22], [0, 59, 92, 0, 0, 22], [263, 0, 0, 3, 0, 33], [3, 6, 7, 7, 4, 2], [15, 7, 2, 18, 10, 8], [4, 3, 4, 5, 5, 2]]
[[0, 0, 0, 88, 101, 14], [0, 0, 0, 189, 0, 24], [0, 53, 105, 0, 0, 15], [6, 0, 0, 275, 0, 18], [1, 3, 6, 9, 6, 4], [28, 5, 0, 18, 5, 4], [3, 4, 4, 8, 2, 2]]
[[0, 0, 0, 70, 112, 21], [0, 0, 6, 187, 0, 20], [0, 58, 94, 0, 0, 21], [69, 0, 0, 200, 0, 30], [4, 6, 6, 2, 7, 4], [28, 7, 0, 16, 4, 5], [6, 3, 6, 4, 3, 1]]
[[0, 0, 0, 56, 129, 18], [0, 0, 17, 164, 0, 32], [0, 46, 102, 0, 0, 25], [73, 0, 0, 192, 0, 34], [3, 6, 6, 4, 8, 2], [19, 7, 1, 17, 9, 7], [3, 4, 5, 7, 2, 2]]
[[0, 0, 0, 84, 98, 21], [0, 0, 36, 156, 0, 21], [0, 75, 82, 0, 0, 16], [58, 0, 0, 206, 0, 35], [5, 6, 5, 4, 5, 4], [19, 11, 3, 14, 7, 6], [6, 1, 3, 4, 7, 2]]
[[0, 0, 0, 53, 128, 22], [0, 0, 25, 169, 0, 19], [0, 39, 115, 0, 1, 18], [67, 0, 0, 207, 0, 25], [2, 9, 3, 4, 8, 3], [17, 10, 1, 15, 9, 8], [1, 2, 2, 9, 4, 5]]
[[0, 0, 0, 85, 98, 20], [0, 0, 4, 189, 0, 20], [0, 45, 110, 0, 0, 18], [78, 0, 0, 193, 0, 28], [5, 2, 5, 7, 7, 3], [23, 9, 3, 14, 7, 4], [5, 1, 3, 11, 3, 0]]
[[0, 0, 0, 85, 102, 16], [0, 0, 18, 177, 0, 18], [0, 76, 74, 1, 0, 22], [264, 0, 0, 14, 0, 21], [2, 4, 4, 9, 7, 3], [22, 11, 0, 14, 6, 7], [2, 6, 3, 7, 2, 3]]
[[0, 0, 0, 55, 127, 21], [0, 0, 31, 163, 0, 19], [0, 59, 101, 0, 0, 13], [116, 0, 0, 149, 0, 34], [7, 7, 7, 3, 3, 2], [29, 11, 3, 10, 3, 4], [3, 4, 5, 6, 3, 2]]
[[0, 0, 0, 64, 120, 19], [0, 0, 17, 176, 0, 20], [0, 55, 93, 0, 0, 25], [88, 0, 0, 178, 0, 33], [5, 8, 2, 6, 5, 3], [26, 10, 2, 9, 8, 5], [4, 4, 3, 7, 3, 2]]
[[1, 0, 0, 72, 114, 16], [0, 0, 4, 189, 0, 20], [1, 84, 73, 0, 1, 14], [84, 0, 0, 183, 0, 32], [7, 2, 3, 7, 4, 6], [29, 7, 2, 11, 4, 7], [5, 1, 4, 9, 2, 2]]
[[0, 0, 0, 70, 113, 20], [0, 0, 15, 179, 0, 19], [0, 50, 97, 0, 1, 25], [152, 0, 0, 114, 0, 33], [1, 3, 8, 8, 8, 1], [27, 6, 2, 13, 5, 7], [3, 2, 4, 10, 3, 1]]
[[0, 0, 0, 68, 119, 16], [0, 0, 25, 171, 0, 17], [2, 50, 100, 1, 0, 20], [109, 0, 0, 158, 0, 32], [1, 5, 7, 5, 7, 4], [22, 8, 3, 13, 9, 5], [1, 2, 5, 10, 1, 4]]
[[0, 1, 0, 78, 102, 22], [0, 0, 17, 175, 0, 21], [1, 57, 96, 1, 0, 18], [124, 0, 0, 146, 0, 29], [3, 3, 7, 8, 5, 3], [20, 11, 2, 13, 6, 8], [7, 1, 3, 8, 2, 2]]
[[0, 0, 0, 70, 117, 16], [0, 0, 17, 184, 0, 12], [2, 64, 94, 0, 1, 12], [115, 0, 0, 151, 0, 33], [4, 7, 4, 6, 5, 3], [25, 9, 0, 7, 12, 7], [5, 3, 5, 6, 2, 2]]
