[[2, 4, 1, 4, 8, 4], [33, 31, 28, 32, 44, 45], [24, 32, 17, 32, 28, 40], [45, 35, 32, 22, 29, 40], [4, 6, 5, 7, 6, 1], [13, 11, 6, 9, 10, 11], [53, 46, 49, 46, 47, 58]]
[[4, 5, 3, 2, 6, 3], [170, 6, 0, 0, 0, 37], [0, 0, 0, 140, 0, 33], [8, 0, 156, 0, 0, 39], [4, 4, 2, 7, 5, 7], [6, 6, 13, 10, 6, 19], [0, 0, 229, 0, 0, 70]]
[[3, 4, 5, 5, 4, 2], [2, 172, 0, 0, 0, 39], [0, 0, 0, 0, 132, 41], [169, 0, 0, 0, 0, 34], [3, 3, 7, 1, 9, 6], [7, 23, 3, 6, 8, 13], [0, 0, 233, 0, 0, 66]]
[[3, 4, 5, 2, 5, 4], [175, 0, 0, 0, 0, 38], [0, 0, 0, 0, 139, 34], [0, 0, 0, 0, 165, 38], [13, 2, 1, 5, 3, 5], [4, 9, 3, 2, 33, 9], [0, 109, 2, 127, 0, 61]]
[[3, 7, 8, 1, 3, 1], [99, 70, 0, 0, 0, 44], [0, 1, 0, 140, 0, 32], [0, 0, 160, 0, 0, 43], [23, 0, 0, 0, 0, 6], [1, 0, 1, 0, 51, 7], [0, 0, 228, 0, 0, 71]]
[[3, 6, 6, 2, 1, 5], [92, 75, 0, 0, 0, 46], [0, 119, 0, 0, 16, 38], [110, 0, 1, 0, 45, 47], [19, 1, 0, 0, 1, 8], [0, 0, 0, 0, 46, 14], [0, 0, 240, 0, 0, 59]]
[[1, 8, 5, 3, 3, 3], [97, 81, 0, 0, 0, 35], [0, 0, 0, 0, 136, 37], [15, 0, 84, 0, 63, 41], [21, 2, 0, 1, 1, 4], [0, 0, 0, 0, 48, 12], [0, 3, 252, 0, 0, 44]]
[[2, 9, 3, 2, 2, 5], [81, 74, 0, 0, 0, 58], [0, 0, 0, 135, 3, 35], [92, 0, 46, 0, 38, 27], [18, 1, 1, 0, 1, 8], [0, 0, 1, 0, 46, 13], [0, 64, 138, 40, 0, 57]]
[[0, 9, 2, 2, 7, 3], [100, 75, 0, 0, 0, 38], [0, 0, 0, 2, 143, 28], [39, 0, 80, 0, 43, 41], [20, 0, 2, 1, 1, 5], [0, 0, 0, 0, 47, 13], [0, 12, 215, 11, 0, 61]]
[[3, 6, 4, 0, 4, 6], [48, 119, 0, 0, 0, 46], [0, 0, 0, 121, 12, 40], [54, 0, 53, 0, 63, 33], [19, 1, 1, 0, 0, 8], [0, 0, 0, 0, 53, 7], [0, 44, 123, 66, 0, 66]]
[[2, 4, 3, 0, 6, 8], [53, 119, 0, 0, 0, 41], [0, 0, 0, 6, 137, 30], [62, 0, 55, 0, 43, 43], [19, 2, 0, 0, 6, 2], [0, 1, 0, 0, 48, 11], [0, 159, 72, 4, 0, 64]]
[[2, 6, 7, 4, 1, 3], [68, 103, 0, 0, 0, 42], [0, 1, 0, 102, 38, 32], [52, 0, 75, 0, 33, 43], [20, 0, 0, 1, 2, 6], [0, 0, 0, 0, 50, 10], [0, 1, 233, 12, 0, 53]]
[[3, 8, 0, 4, 3, 5], [20, 152, 0, 0, 0, 41], [0, 13, 0, 34, 90, 36], [59, 0, 40, 0, 68, 36], [21, 1, 1, 0, 3, 3], [0, 0, 0, 0, 52, 8], [0, 2, 183, 55, 0, 59]]
[[4, 3, 8, 2, 3, 3], [43, 120, 0, 1, 0, 49], [0, 8, 0, 66, 55, 44], [50, 0, 61, 0, 53, 39], [19, 0, 1, 0, 3, 6], [0, 0, 1, 0, 49, 10], [0, 10, 206, 18, 0, 65]]
[[2, 5, 5, 2, 8, 1], [30, 134, 1, 1, 0, 47], [0, 12, 0, 68, 58, 35], [53, 0, 72, 0, 36, 42], [20, 1, 3, 1, 2, 2], [0, 0, 1, 0, 42, 17], [0, 33, 169, 41, 0, 56]]
[[0, 4, 6, 3, 6, 4], [48, 116, 0, 0, 0, 49], [0, 7, 0, 52, 90, 24], [64, 0, 31, 0, 68, 40], [18, 2, 2, 0, 2, 5], [0, 0, 1, 1, 53, 5], [0, 42, 170, 24, 0, 63]]
[[1, 3, 5, 1, 8, 5], [71, 90, 2, 0, 0, 50], [0, 26, 0, 70, 44, 33], [53, 0, 41, 0, 66, 43], [16, 2, 3, 3, 1, 4], [1, 0, 0, 1, 49, 9], [0, 4, 15, 221, 0, 59]]
[[1, 4, 6, 1, 5, 6], [94, 89, 0, 1, 0, 29], [0, 4, 0, 51, 76, 42], [57, 0, 58, 0, 51, 37], [17, 1, 1, 2, 4, 4], [0, 0, 0, 0, 45, 15], [0, 69, 165, 5, 0, 60]]
[[0, 5, 6, 0, 7, 5], [84, 82, 0, 0, 0, 47], [0, 13, 0, 65, 56, 39], [53, 0, 55, 1, 58, 36], [15, 2, 2, 2, 1, 7], [1, 0, 1, 1, 45, 12], [0, 38, 192, 9, 0, 60]]
[[1, 5, 3, 1, 9, 4], [101, 72, 0, 1, 1, 38], [0, 11, 0, 72, 62, 28], [51, 0, 43, 1, 70, 38], [16, 0, 4, 3, 3, 3], [1, 1, 0, 1, 46, 11], [0, 52, 162, 23, 0, 62]]
[[2, 2, 6, 1, 9, 3], [98, 79, 0, 1, 0, 35], [0, 6, 0, 49, 84, 34], [51, 0, 73, 0, 35, 44], [17, 1, 0, 2, 4, 5], [0, 2, 0, 1, 42, 15], [0, 26, 162, 35, 0, 76]]
